HMMER3/b [3.0 | March 2010]
NAME  186
LENG  28
ALPH  DNA
RF    no
CS    no
MAP   yes
DATE  Mon Jun  4 13:08:19 2012
NSEQ  3
EFFN  3.000000
CKSUM 2499541248
STATS LOCAL MSV       -8.5877  0.82107
STATS LOCAL VITERBI   -9.4450  0.82107
STATS LOCAL FORWARD   -2.3215  0.82107
HMM          A        C        G        T   
            m->m     m->i     m->d     i->m     i->i     d->m     d->d
  COMPO   1.37619  1.33489  1.36764  1.47157
          1.38629  1.38629  1.38629  1.38629
          0.03922  3.95124  3.95124  1.46634  0.26236  0.00000        *
      1   2.97980  2.52563  3.03204  0.19727      1 - -
          1.38629  1.38629  1.38629  1.38629
          0.03922  3.95124  3.95124  1.46634  0.26236  1.09861  0.40547
      2   0.54423  2.56014  1.37316  2.41783      2 - -
          1.38629  1.38629  1.38629  1.38629
          0.03922  3.95124  3.95124  1.46634  0.26236  1.09861  0.40547
      3   2.86982  3.47591  0.13017  3.36931      3 - -
          1.38629  1.38629  1.38629  1.38629
          0.03922  3.95124  3.95124  1.46634  0.26236  1.09861  0.40547
      4   2.43021  0.62612  2.50308  1.21912      4 - -
          1.38629  1.38629  1.38629  1.38629
          0.03922  3.95124  3.95124  1.46634  0.26236  1.09861  0.40547
      5   2.09651  0.73707  1.35212  1.96676      5 - -
          1.38629  1.38629  1.38629  1.38629
          0.03922  3.95124  3.95124  1.46634  0.26236  1.09861  0.40547
      6   1.25689  1.32503  2.00074  1.15698      6 - -
          1.38629  1.38629  1.38629  1.38629
          0.03922  3.95124  3.95124  1.46634  0.26236  1.09861  0.40547
      7   1.18612  1.37362  1.25959  1.84746      7 - -
          1.38629  1.38629  1.38629  1.38629
          0.03922  3.95124  3.95124  1.46634  0.26236  1.09861  0.40547
      8   2.12031  2.11651  1.36440  0.68514      8 - -
          1.38629  1.38629  1.38629  1.38629
          0.03922  3.95124  3.95124  1.46634  0.26236  1.09861  0.40547
      9   3.30705  0.14631  3.36166  2.73626      9 - -
          1.38629  1.38629  1.38629  1.38629
          0.03922  3.95124  3.95124  1.46634  0.26236  1.09861  0.40547
     10   0.54423  2.56014  1.37316  2.41783     10 - -
          1.38629  1.38629  1.38629  1.38629
          0.03922  3.95124  3.95124  1.46634  0.26236  1.09861  0.40547
     11   1.31477  1.26561  2.00630  1.15546     11 - -
          1.38629  1.38629  1.38629  1.38629
          0.03922  3.95124  3.95124  1.46634  0.26236  1.09861  0.40547
     12   1.25765  1.99263  1.26850  1.21036     12 - -
          1.38629  1.38629  1.38629  1.38629
          0.03922  3.95124  3.95124  1.46634  0.26236  1.09861  0.40547
     13   2.09940  2.21659  0.70270  1.29740     13 - -
          1.38629  1.38629  1.38629  1.38629
          0.03922  3.95124  3.95124  1.46634  0.26236  1.09861  0.40547
     14   0.66964  1.41429  2.14750  2.05389     14 - -
          1.38629  1.38629  1.38629  1.38629
          0.03922  3.95124  3.95124  1.46634  0.26236  1.09861  0.40547
     15   3.30705  0.14631  3.36166  2.73626     15 - -
          1.38629  1.38629  1.38629  1.38629
          0.03922  3.95124  3.95124  1.46634  0.26236  1.09861  0.40547
     16   1.92523  1.32269  1.30420  1.15091     16 - -
          1.38629  1.38629  1.38629  1.38629
          0.03922  3.95124  3.95124  1.46634  0.26236  1.09861  0.40547
     17   1.42958  2.62866  0.50231  2.48548     17 - -
          1.38629  1.38629  1.38629  1.38629
          0.03922  3.95124  3.95124  1.46634  0.26236  1.09861  0.40547
     18   1.20142  1.31283  1.30503  1.83878     18 - -
          1.38629  1.38629  1.38629  1.38629
          0.03922  3.95124  3.95124  1.46634  0.26236  1.09861  0.40547
     19   2.10646  0.71921  1.37755  1.97328     19 - -
          1.38629  1.38629  1.38629  1.38629
          0.03922  3.95124  3.95124  1.46634  0.26236  1.09861  0.40547
     20   1.25689  1.32503  2.00074  1.15698     20 - -
          1.38629  1.38629  1.38629  1.38629
          0.03922  3.95124  3.95124  1.46634  0.26236  1.09861  0.40547
     21   1.31506  1.28144  2.00707  1.14093     21 - -
          1.38629  1.38629  1.38629  1.38629
          0.03922  3.95124  3.95124  1.46634  0.26236  1.09861  0.40547
     22   2.14340  2.12762  1.42612  0.64744     22 - -
          0.67873  1.80639  1.80639  1.80639
          0.27348  1.51393  3.95124  0.75461  0.63524  1.09861  0.40547
     23   2.86982  3.47591  0.13017  3.36931     26 - -
          1.38629  1.38629  1.38629  1.38629
          0.03922  3.95124  3.95124  1.46634  0.26236  1.09861  0.40547
     24   1.25765  1.99263  1.26850  1.21036     27 - -
          1.38629  1.38629  1.38629  1.38629
          0.03922  3.95124  3.95124  1.46634  0.26236  1.09861  0.40547
     25   0.62686  1.48223  2.16720  2.08662     28 - -
          1.38629  1.38629  1.38629  1.38629
          0.03922  3.95124  3.95124  1.46634  0.26236  1.09861  0.40547
     26   0.56000  2.54914  1.34516  2.40635     29 - -
          1.38629  1.38629  1.38629  1.38629
          0.03922  3.95124  3.95124  1.46634  0.26236  1.09861  0.40547
     27   0.68533  1.39057  2.14113  2.04314     30 - -
          1.38629  1.38629  1.38629  1.38629
          0.03922  3.95124  3.95124  1.46634  0.26236  1.09861  0.40547
     28   2.46260  0.57659  2.53511  1.29564     31 - -
          1.38629  1.38629  1.38629  1.38629
          0.01980  3.93183        *  1.46634  0.26236  0.00000        *
//
HMMER3/b [3.0 | March 2010]
NAME  P1
LENG  29
ALPH  DNA
RF    no
CS    no
MAP   yes
DATE  Mon Jun  4 13:08:19 2012
NSEQ  19
EFFN  19.000000
CKSUM 723688546
STATS LOCAL MSV       -8.7774  0.83049
STATS LOCAL VITERBI   -9.7255  0.83049
STATS LOCAL FORWARD   -1.8195  0.83049
HMM          A        C        G        T   
            m->m     m->i     m->d     i->m     i->i     d->m     d->d
  COMPO   1.31848  1.87174  1.66244  0.94436
          1.38629  1.38629  1.38629  1.38629
          0.00948  5.35659  5.35659  1.46634  0.26236  0.00000        *
      1   2.19684  3.75906  4.43973  0.15813      1 - -
          1.38629  1.38629  1.38629  1.38629
          0.00948  5.35659  5.35659  1.46634  0.26236  1.09861  0.40547
      2   2.31574  2.07493  1.76663  0.50280      2 - -
          1.38629  1.38629  1.38629  1.38629
          0.00948  5.35659  5.35659  1.46634  0.26236  1.09861  0.40547
      3   3.88729  4.57031  0.16913  2.08149      3 - -
          1.38629  1.38629  1.38629  1.38629
          0.00948  5.35659  5.35659  1.46634  0.26236  1.09861  0.40547
      4   0.57263  1.52808  3.09164  1.75111      4 - -
          1.38629  1.38629  1.38629  1.38629
          0.00948  5.35659  5.35659  1.46634  0.26236  1.09861  0.40547
      5   2.17087  1.41343  3.54369  0.48824      5 - -
          1.38629  1.38629  1.38629  1.38629
          0.00948  5.35659  5.35659  1.46634  0.26236  1.09861  0.40547
      6   1.03527  1.42712  3.07701  1.02506      6 - -
          1.38629  1.38629  1.38629  1.38629
          0.00948  5.35659  5.35659  1.46634  0.26236  1.09861  0.40547
      7   1.26550  2.37804  1.75861  0.79211      7 - -
          1.38629  1.38629  1.38629  1.38629
          0.00948  5.35659  5.35659  1.46634  0.26236  1.09861  0.40547
      8   2.06710  2.41078  1.75264  0.49366      8 - -
          1.38629  1.38629  1.38629  1.38629
          0.00948  5.35659  5.35659  1.46634  0.26236  1.09861  0.40547
      9   2.38087  2.00612  1.30846  0.68759      9 - -
          1.38629  1.38629  1.38629  1.38629
          0.00948  5.35659  5.35659  1.46634  0.26236  1.09861  0.40547
     10   1.24476  2.02064  1.97980  0.81798     10 - -
          1.38629  1.38629  1.38629  1.38629
          0.00948  5.35659  5.35659  1.46634  0.26236  1.09861  0.40547
     11   1.41845  1.66920  1.97047  0.84368     11 - -
          1.38629  1.38629  1.38629  1.38629
          0.00948  5.35659  5.35659  1.46634  0.26236  1.09861  0.40547
     12   1.00122  1.49276  1.74706  1.45445     12 - -
          1.38629  1.38629  1.38629  1.38629
          0.00948  5.35659  5.35659  1.46634  0.26236  1.09861  0.40547
     13   1.71298  1.95846  1.19814  0.97593     13 - -
          1.38629  1.38629  1.38629  1.38629
          0.00948  5.35659  5.35659  1.46634  0.26236  1.09861  0.40547
     14   1.51083  1.22288  2.08033  1.02164     14 - -
          1.38629  1.38629  1.38629  1.38629
          0.00948  5.35659  5.35659  1.46634  0.26236  1.09861  0.40547
     15   1.08062  1.79063  1.54433  1.27188     15 - -
          1.38629  1.38629  1.38629  1.38629
          0.00948  5.35659  5.35659  1.46634  0.26236  1.09861  0.40547
     16   1.15565  1.69506  1.21910  1.57958     16 - -
          1.38629  1.38629  1.38629  1.38629
          0.00948  5.35659  5.35659  1.46634  0.26236  1.09861  0.40547
     17   1.16375  1.63220  1.32838  1.48156     17 - -
          1.38629  1.38629  1.38629  1.38629
          0.00948  5.35659  5.35659  1.46634  0.26236  1.09861  0.40547
     18   1.01947  1.54291  1.25598  1.96141     18 - -
          1.38629  1.38629  1.38629  1.38629
          0.00948  5.35659  5.35659  1.46634  0.26236  1.09861  0.40547
     19   1.13640  1.73482  2.27096  0.91784     19 - -
          1.38629  1.38629  1.38629  1.38629
          0.06125  5.35659  2.90602  1.46634  0.26236  1.09861  0.40547
     20   1.17396  2.32339  1.04236  1.42587     20 - -
          1.38629  1.38629  1.38629  1.38629
          0.05626  5.30532  3.00098  1.46634  0.26236  2.60969  0.07640
     21   1.95243  1.67946  1.12945  1.05444     21 - -
          1.38629  1.38629  1.38629  1.38629
          0.01045  5.25951  5.25951  1.46634  0.26236  3.11850  0.04523
     22   1.36452  2.00436  1.38838  1.02090     22 - -
          1.38629  1.38629  1.38629  1.38629
          0.05113  5.25951  3.10902  1.46634  0.26236  3.11850  0.04523
     23   1.56356  1.66176  1.66050  0.88974     23 - -
          1.50866  1.62104  1.26993  1.20313
          0.44648  1.03644  5.21927  0.03024  3.51379  0.06852  2.71474
     24   2.35867  2.09356  2.08570  0.41857     26 - -
          1.38629  1.38629  1.38629  1.38629
          0.00948  5.35659  5.35659  1.46634  0.26236  1.09861  0.40547
     25   0.14027  2.99040  2.66154  4.53116     27 - -
          1.38629  1.38629  1.38629  1.38629
          0.00948  5.35659  5.35659  1.46634  0.26236  1.09861  0.40547
     26   1.38595  1.68256  2.27790  0.77324     28 - -
          1.38629  1.38629  1.38629  1.38629
          0.00948  5.35659  5.35659  1.46634  0.26236  1.09861  0.40547
     27   0.88686  1.72215  2.26771  1.18476     29 - -
          1.38629  1.38629  1.38629  1.38629
          0.00948  5.35659  5.35659  1.46634  0.26236  1.09861  0.40547
     28   0.67939  2.01331  2.00942  1.48960     30 - -
          1.38629  1.38629  1.38629  1.38629
          0.00948  5.35659  5.35659  1.46634  0.26236  1.09861  0.40547
     29   4.75916  3.86085  4.76135  0.03892     31 - -
          1.38629  1.38629  1.38629  1.38629
          0.00475  5.35186        *  1.46634  0.26236  0.00000        *
//
HMMER3/b [3.0 | March 2010]
NAME  P2
LENG  30
ALPH  DNA
RF    no
CS    no
MAP   yes
DATE  Mon Jun  4 13:08:19 2012
NSEQ  4
EFFN  4.000000
CKSUM 943931277
STATS LOCAL MSV       -8.3003  0.80990
STATS LOCAL VITERBI   -9.6114  0.80990
STATS LOCAL FORWARD   -2.6193  0.80990
HMM          A        C        G        T   
            m->m     m->i     m->d     i->m     i->i     d->m     d->d
  COMPO   1.33387  1.44385  1.35314  1.41841
          1.38629  1.38629  1.38629  1.38629
          0.03279  4.12713  4.12713  1.46634  0.26236  0.00000        *
      1   3.28926  2.72244  3.32959  0.14943      1 - -
          1.38629  1.38629  1.38629  1.38629
          0.03279  4.12713  4.12713  1.46634  0.26236  1.09861  0.40547
      2   0.33041  2.97406  1.75750  2.85077      2 - -
          1.38629  1.38629  1.38629  1.38629
          0.03279  4.12713  4.12713  1.46634  0.26236  1.09861  0.40547
      3   3.07876  3.78103  0.09803  3.70654      3 - -
          1.38629  1.38629  1.38629  1.38629
          0.03279  4.12713  4.12713  1.46634  0.26236  1.09861  0.40547
      4   3.65519  0.10657  3.69474  2.98817      4 - -
          1.38629  1.38629  1.38629  1.38629
          0.03279  4.12713  4.12713  1.46634  0.26236  1.09861  0.40547
      5   1.44176  1.53534  0.87888  2.01845      5 - -
          1.38629  1.38629  1.38629  1.38629
          0.03279  4.12713  4.12713  1.46634  0.26236  1.09861  0.40547
      6   1.27950  2.08806  1.47093  0.99917      6 - -
          1.38629  1.38629  1.38629  1.38629
          0.03279  4.12713  4.12713  1.46634  0.26236  1.09861  0.40547
      7   0.98545  2.12350  1.46723  1.28534      7 - -
          1.38629  1.38629  1.38629  1.38629
          0.03279  4.12713  4.12713  1.46634  0.26236  1.09861  0.40547
      8   0.33041  2.97406  1.75750  2.85077      8 - -
          1.38629  1.38629  1.38629  1.38629
          0.03279  4.12713  4.12713  1.46634  0.26236  1.09861  0.40547
      9   2.06319  1.02871  1.51679  1.21716      9 - -
          1.38629  1.38629  1.38629  1.38629
          0.03279  4.12713  4.12713  1.46634  0.26236  1.09861  0.40547
     10   1.03255  1.33726  2.09248  1.35495     10 - -
          1.38629  1.38629  1.38629  1.38629
          0.03279  4.12713  4.12713  1.46634  0.26236  1.09861  0.40547
     11   2.32443  2.27901  1.45379  0.56900     11 - -
          1.38629  1.38629  1.38629  1.38629
          0.03279  4.12713  4.12713  1.46634  0.26236  1.09861  0.40547
     12   2.08292  0.90546  1.53167  1.36687     12 - -
          1.38629  1.38629  1.38629  1.38629
          0.03279  4.12713  4.12713  1.46634  0.26236  1.09861  0.40547
     13   2.07146  1.48231  1.37703  0.92999     13 - -
          1.38629  1.38629  1.38629  1.38629
          0.03279  4.12713  4.12713  1.46634  0.26236  1.09861  0.40547
     14   1.44176  1.53534  0.87888  2.01845     14 - -
          1.38629  1.38629  1.38629  1.38629
          0.03279  4.12713  4.12713  1.46634  0.26236  1.09861  0.40547
     15   2.04244  1.02841  1.37040  1.35206     15 - -
          1.38629  1.38629  1.38629  1.38629
          0.03279  4.12713  4.12713  1.46634  0.26236  1.09861  0.40547
     16   0.94310  2.63350  0.78536  2.49133     16 - -
          1.38629  1.38629  1.38629  1.38629
          0.03279  4.12713  4.12713  1.46634  0.26236  1.09861  0.40547
     17   2.08169  1.34254  1.50879  0.93415     17 - -
          1.38629  1.38629  1.38629  1.38629
          0.03279  4.12713  4.12713  1.46634  0.26236  1.09861  0.40547
     18   1.40444  1.07419  1.31933  1.92683     18 - -
          1.38629  1.38629  1.38629  1.38629
          0.03279  4.12713  4.12713  1.46634  0.26236  1.09861  0.40547
     19   2.01564  1.33493  1.06647  1.34951     19 - -
          1.38629  1.38629  1.38629  1.38629
          0.03279  4.12713  4.12713  1.46634  0.26236  1.09861  0.40547
     20   2.06904  1.46963  1.37609  0.93875     20 - -
          1.38629  1.38629  1.38629  1.38629
          0.03279  4.12713  4.12713  1.46634  0.26236  1.09861  0.40547
     21   0.83531  1.54950  1.50013  2.03404     21 - -
          1.38629  1.38629  1.38629  1.38629
          0.03279  4.12713  4.12713  1.46634  0.26236  1.09861  0.40547
     22   1.39973  1.33189  1.45928  1.35885     22 - -
          1.38629  1.38629  1.38629  1.38629
          0.40146  4.12713  1.15668  1.46634  0.26236  1.09861  0.40547
     23   2.19251  1.12131  2.26707  0.77893     23 - -
          1.38629  1.38629  1.38629  1.38629
          0.04707  3.77274  3.77274  1.46634  0.26236  3.06809  0.04763
     24   2.19406  0.88690  2.26948  0.98553     24 - -
          0.85959  1.64911  1.64911  1.64911
          0.38917  1.20600  3.77274  0.14707  1.98947  0.09763  2.37494
     25   3.07876  3.78103  0.09803  3.70654     26 - -
          1.38629  1.38629  1.38629  1.38629
          0.03279  4.12713  4.12713  1.46634  0.26236  1.09861  0.40547
     26   1.40113  1.46010  1.46049  1.24014     27 - -
          1.38629  1.38629  1.38629  1.38629
          0.03279  4.12713  4.12713  1.46634  0.26236  1.09861  0.40547
     27   0.11870  3.57456  2.92707  3.49518     28 - -
          1.38629  1.38629  1.38629  1.38629
          0.03279  4.12713  4.12713  1.46634  0.26236  1.09861  0.40547
     28   0.42403  2.83130  1.51660  2.70000     29 - -
          1.38629  1.38629  1.38629  1.38629
          0.03279  4.12713  4.12713  1.46634  0.26236  1.09861  0.40547
     29   1.03255  1.33726  2.09248  1.35495     30 - -
          1.38629  1.38629  1.38629  1.38629
          0.03279  4.12713  4.12713  1.46634  0.26236  1.09861  0.40547
     30   2.83251  0.37623  2.89892  1.61138     31 - -
          1.38629  1.38629  1.38629  1.38629
          0.01653  4.11087        *  1.46634  0.26236  0.00000        *
//
HMMER3/b [3.0 | March 2010]
NAME  P4
LENG  29
ALPH  DNA
RF    no
CS    no
MAP   yes
DATE  Mon Jun  4 13:08:19 2012
NSEQ  2
EFFN  2.000000
CKSUM 2622350613
STATS LOCAL MSV       -8.0382  0.81866
STATS LOCAL VITERBI   -9.4212  0.81866
STATS LOCAL FORWARD   -2.3777  0.81866
HMM          A        C        G        T   
            m->m     m->i     m->d     i->m     i->i     d->m     d->d
  COMPO   1.36902  1.60537  1.44971  1.17057
          1.38629  1.38629  1.38629  1.38629
          0.04879  3.73767  3.73767  1.46634  0.26236  0.00000        *
      1   2.57915  2.25909  2.64442  0.28946      1 - -
          1.38629  1.38629  1.38629  1.38629
          0.04879  3.73767  3.73767  1.46634  0.26236  1.09861  0.40547
      2   1.88179  1.10717  1.04597  1.79675      2 - -
          1.38629  1.38629  1.38629  1.38629
          0.04879  3.73767  3.73767  1.46634  0.26236  1.09861  0.40547
      3   1.89532  1.96405  1.06955  1.00436      3 - -
          1.38629  1.38629  1.38629  1.38629
          0.04879  3.73767  3.73767  1.46634  0.26236  1.09861  0.40547
      4   2.57915  2.25909  2.64442  0.28946      4 - -
          1.38629  1.38629  1.38629  1.38629
          0.04879  3.73767  3.73767  1.46634  0.26236  1.09861  0.40547
      5   2.53331  3.02441  0.20344  2.88069      5 - -
          1.38629  1.38629  1.38629  1.38629
          0.04879  3.73767  3.73767  1.46634  0.26236  1.09861  0.40547
      6   2.15554  1.00938  2.23102  0.88601      6 - -
          1.38629  1.38629  1.38629  1.38629
          0.04879  3.73767  3.73767  1.46634  0.26236  1.09861  0.40547
      7   1.89532  1.96405  1.06955  1.00436      7 - -
          1.38629  1.38629  1.38629  1.38629
          0.04879  3.73767  3.73767  1.46634  0.26236  1.09861  0.40547
      8   1.89532  1.96405  1.06955  1.00436      8 - -
          1.38629  1.38629  1.38629  1.38629
          0.04879  3.73767  3.73767  1.46634  0.26236  1.09861  0.40547
      9   2.15554  1.00938  2.23102  0.88601      9 - -
          1.38629  1.38629  1.38629  1.38629
          0.04879  3.73767  3.73767  1.46634  0.26236  1.09861  0.40547
     10   2.57915  2.25909  2.64442  0.28946     10 - -
          1.38629  1.38629  1.38629  1.38629
          0.04879  3.73767  3.73767  1.46634  0.26236  1.09861  0.40547
     11   2.53331  3.02441  0.20344  2.88069     11 - -
          1.38629  1.38629  1.38629  1.38629
          0.04879  3.73767  3.73767  1.46634  0.26236  1.09861  0.40547
     12   2.15554  1.00938  2.23102  0.88601     12 - -
          1.38629  1.38629  1.38629  1.38629
          0.04879  3.73767  3.73767  1.46634  0.26236  1.09861  0.40547
     13   1.88179  1.10717  1.04597  1.79675     13 - -
          1.38629  1.38629  1.38629  1.38629
          0.04879  3.73767  3.73767  1.46634  0.26236  1.09861  0.40547
     14   2.15554  1.00938  2.23102  0.88601     14 - -
          1.38629  1.38629  1.38629  1.38629
          0.04879  3.73767  3.73767  1.46634  0.26236  1.09861  0.40547
     15   0.92825  2.28391  0.95698  2.13014     15 - -
          1.38629  1.38629  1.38629  1.38629
          0.04879  3.73767  3.73767  1.46634  0.26236  1.09861  0.40547
     16   0.92825  2.28391  0.95698  2.13014     16 - -
          1.38629  1.38629  1.38629  1.38629
          0.04879  3.73767  3.73767  1.46634  0.26236  1.09861  0.40547
     17   1.03732  1.95876  1.96551  1.00928     17 - -
          1.38629  1.38629  1.38629  1.38629
          0.04879  3.73767  3.73767  1.46634  0.26236  1.09861  0.40547
     18   0.92825  2.28391  0.95698  2.13014     18 - -
          1.38629  1.38629  1.38629  1.38629
          0.04879  3.73767  3.73767  1.46634  0.26236  1.09861  0.40547
     19   2.57915  2.25909  2.64442  0.28946     19 - -
          1.38629  1.38629  1.38629  1.38629
          0.04879  3.73767  3.73767  1.46634  0.26236  1.09861  0.40547
     20   0.23862  2.84929  2.43386  2.70756     20 - -
          1.38629  1.38629  1.38629  1.38629
          0.04879  3.73767  3.73767  1.46634  0.26236  1.09861  0.40547
     21   2.15554  1.00938  2.23102  0.88601     21 - -
          1.38629  1.38629  1.38629  1.38629
          0.04879  3.73767  3.73767  1.46634  0.26236  1.09861  0.40547
     22   1.89532  1.96405  1.06955  1.00436     22 - -
          1.38629  1.38629  1.38629  1.38629
          0.04879  3.73767  3.73767  1.46634  0.26236  1.09861  0.40547
     23   2.15554  1.00938  2.23102  0.88601     23 - -
          1.38629  1.38629  1.38629  1.38629
          0.04879  3.73767  3.73767  1.46634  0.26236  1.09861  0.40547
     24   1.01448  1.11006  1.95471  1.79419     26 - -
          1.38629  1.38629  1.38629  1.38629
          0.04879  3.73767  3.73767  1.46634  0.26236  1.09861  0.40547
     25   1.01448  1.11006  1.95471  1.79419     27 - -
          1.38629  1.38629  1.38629  1.38629
          0.04879  3.73767  3.73767  1.46634  0.26236  1.09861  0.40547
     26   1.01448  1.11006  1.95471  1.79419     28 - -
          1.38629  1.38629  1.38629  1.38629
          0.04879  3.73767  3.73767  1.46634  0.26236  1.09861  0.40547
     27   0.23862  2.84929  2.43386  2.70756     29 - -
          1.38629  1.38629  1.38629  1.38629
          0.04879  3.73767  3.73767  1.46634  0.26236  1.09861  0.40547
     28   0.23862  2.84929  2.43386  2.70756     30 - -
          1.38629  1.38629  1.38629  1.38629
          0.04879  3.73767  3.73767  1.46634  0.26236  1.09861  0.40547
     29   1.03732  1.95876  1.96551  1.00928     31 - -
          1.38629  1.38629  1.38629  1.38629
          0.02469  3.71357        *  1.46634  0.26236  0.00000        *
//
HMMER3/b [3.0 | March 2010]
NAME  T3
LENG  29
ALPH  DNA
RF    no
CS    no
MAP   yes
DATE  Mon Jun  4 13:08:19 2012
NSEQ  6
EFFN  6.000000
CKSUM 1734034921
STATS LOCAL MSV       -7.7084  0.80140
STATS LOCAL VITERBI   -8.9790  0.80140
STATS LOCAL FORWARD   -2.1074  0.80140
HMM          A        C        G        T   
            m->m     m->i     m->d     i->m     i->i     d->m     d->d
  COMPO   1.28939  1.68683  1.53981  1.12383
          1.38629  1.38629  1.38629  1.38629
          0.02469  4.40672  4.40672  1.46634  0.26236  0.00000        *
      1   1.83848  2.65844  2.92686  0.33223      1 - -
          1.38629  1.38629  1.38629  1.38629
          0.02469  4.40672  4.40672  1.46634  0.26236  1.09861  0.40547
      2   3.71866  3.00317  3.74244  0.10269      2 - -
          1.38629  1.38629  1.38629  1.38629
          0.02469  4.40672  4.40672  1.46634  0.26236  1.09861  0.40547
      3   3.32772  4.14223  0.07066  4.10670      3 - -
          1.38629  1.38629  1.38629  1.38629
          0.02469  4.40672  4.40672  1.46634  0.26236  1.09861  0.40547
      4   0.31309  3.00018  2.75281  1.86246      4 - -
          1.38629  1.38629  1.38629  1.38629
          0.02469  4.40672  4.40672  1.46634  0.26236  1.09861  0.40547
      5   4.07760  0.07357  4.09735  3.28705      5 - -
          1.38629  1.38629  1.38629  1.38629
          0.02469  4.40672  4.40672  1.46634  0.26236  1.09861  0.40547
      6   0.90542  1.60851  2.29444  1.22206      6 - -
          1.38629  1.38629  1.38629  1.38629
          0.02469  4.40672  4.40672  1.46634  0.26236  1.09861  0.40547
      7   0.86562  2.45887  2.47616  0.89254      7 - -
          1.38629  1.38629  1.38629  1.38629
          0.02469  4.40672  4.40672  1.46634  0.26236  1.09861  0.40547
      8   2.30667  1.27334  1.63561  0.85407      8 - -
          1.38629  1.38629  1.38629  1.38629
          0.02469  4.40672  4.40672  1.46634  0.26236  1.09861  0.40547
      9   0.94258  2.93801  0.69951  2.80384      9 - -
          1.38629  1.38629  1.38629  1.38629
          0.02469  4.40672  4.40672  1.46634  0.26236  1.09861  0.40547
     10   1.20629  1.59654  1.67659  1.16768     10 - -
          1.38629  1.38629  1.38629  1.38629
          0.02469  4.40672  4.40672  1.46634  0.26236  1.09861  0.40547
     11   1.26095  3.06757  0.48267  2.93845     11 - -
          1.38629  1.38629  1.38629  1.38629
          0.02469  4.40672  4.40672  1.46634  0.26236  1.09861  0.40547
     12   1.26867  1.72000  2.37123  0.80662     12 - -
          1.38629  1.38629  1.38629  1.38629
          0.02469  4.40672  4.40672  1.46634  0.26236  1.09861  0.40547
     13   1.27153  2.27463  1.16813  1.18478     13 - -
          1.38629  1.38629  1.38629  1.38629
          0.02469  4.40672  4.40672  1.46634  0.26236  1.09861  0.40547
     14   1.61709  1.56480  1.25871  1.17643     14 - -
          1.38629  1.38629  1.38629  1.38629
          0.02469  4.40672  4.40672  1.46634  0.26236  1.09861  0.40547
     15   1.54107  1.30352  1.56645  1.18585     15 - -
          1.38629  1.38629  1.38629  1.38629
          0.02469  4.40672  4.40672  1.46634  0.26236  1.09861  0.40547
     16   0.66941  1.73833  2.33995  1.53319     16 - -
          1.38629  1.38629  1.38629  1.38629
          0.02469  4.40672  4.40672  1.46634  0.26236  1.09861  0.40547
     17   1.25681  0.88534  2.31495  1.58916     17 - -
          1.38629  1.38629  1.38629  1.38629
          0.02469  4.40672  4.40672  1.46634  0.26236  1.09861  0.40547
     18   1.55324  1.60244  1.69300  0.90865     18 - -
          1.38629  1.38629  1.38629  1.38629
          0.02469  4.40672  4.40672  1.46634  0.26236  1.09861  0.40547
     19   1.16097  1.24867  2.28290  1.21084     19 - -
          1.38629  1.38629  1.38629  1.38629
          0.02469  4.40672  4.40672  1.46634  0.26236  1.09861  0.40547
     20   0.94320  2.45025  2.48634  0.81841     20 - -
          1.38629  1.38629  1.38629  1.38629
          0.02469  4.40672  4.40672  1.46634  0.26236  1.09861  0.40547
     21   1.26604  1.68054  1.17725  1.49766     21 - -
          1.38629  1.38629  1.38629  1.38629
          0.17775  4.40672  1.89279  1.46634  0.26236  1.09861  0.40547
     22   1.47187  2.26221  0.82417  1.47936     22 - -
          1.38629  1.38629  1.38629  1.38629
          0.02872  4.25769  4.25769  1.46634  0.26236  2.66399  0.07222
     23   1.48497  2.26052  0.82492  1.46567     23 - -
          1.92901  0.89344  1.20340  1.92901
          0.57333  0.86227  4.25769  0.06575  2.75453  0.15006  1.97084
     24   3.71866  3.00317  3.74244  0.10269     26 - -
          1.38629  1.38629  1.38629  1.38629
          0.02469  4.40672  4.40672  1.46634  0.26236  1.09861  0.40547
     25   0.47293  3.06422  1.28302  2.93866     27 - -
          1.38629  1.38629  1.38629  1.38629
          0.02469  4.40672  4.40672  1.46634  0.26236  1.09861  0.40547
     26   1.70646  1.78077  2.55023  0.55875     28 - -
          1.38629  1.38629  1.38629  1.38629
          0.02469  4.40672  4.40672  1.46634  0.26236  1.09861  0.40547
     27   1.13454  1.67896  1.25664  1.57381     29 - -
          1.38629  1.38629  1.38629  1.38629
          0.02469  4.40672  4.40672  1.46634  0.26236  1.09861  0.40547
     28   0.51763  1.40404  2.54860  2.52232     30 - -
          1.38629  1.38629  1.38629  1.38629
          0.02469  4.40672  4.40672  1.46634  0.26236  1.09861  0.40547
     29   3.28836  1.80919  3.33642  0.27006     31 - -
          1.38629  1.38629  1.38629  1.38629
          0.01242  4.39445        *  1.46634  0.26236  0.00000        *
//
HMMER3/b [3.0 | March 2010]
NAME  T5
LENG  29
ALPH  DNA
RF    no
CS    no
MAP   yes
DATE  Mon Jun  4 13:08:19 2012
NSEQ  10
EFFN  10.000000
CKSUM 3619523069
STATS LOCAL MSV       -7.5833  0.78435
STATS LOCAL VITERBI   -8.5482  0.78435
STATS LOCAL FORWARD   -2.0081  0.78435
HMM          A        C        G        T   
            m->m     m->i     m->d     i->m     i->i     d->m     d->d
  COMPO   1.08422  1.85120  1.72672  1.11805
          1.38629  1.38629  1.38629  1.38629
          0.01653  4.80402  4.80402  1.46634  0.26236  0.00000        *
      1   3.77537  1.57488  3.81404  0.29038      1 - -
          1.38629  1.38629  1.38629  1.38629
          0.01653  4.80402  4.80402  1.46634  0.26236  1.09861  0.40547
      2   4.20517  3.36672  4.21458  0.06635      2 - -
          1.38629  1.38629  1.38629  1.38629
          0.01653  4.80402  4.80402  1.46634  0.26236  1.09861  0.40547
      3   0.67488  3.42664  0.86358  3.30672      3 - -
          1.38629  1.38629  1.38629  1.38629
          0.01653  4.80402  4.80402  1.46634  0.26236  1.09861  0.40547
      4   0.05723  4.37135  3.50068  4.35752      4 - -
          1.38629  1.38629  1.38629  1.38629
          0.01653  4.80402  4.80402  1.46634  0.26236  1.09861  0.40547
      5   3.39105  0.88910  3.44857  0.64720      5 - -
          1.38629  1.38629  1.38629  1.38629
          0.01653  4.80402  4.80402  1.46634  0.26236  1.09861  0.40547
      6   0.57994  1.89798  1.49768  2.70978      6 - -
          1.38629  1.38629  1.38629  1.38629
          0.01653  4.80402  4.80402  1.46634  0.26236  1.09861  0.40547
      7   1.07848  1.10881  1.42145  2.42395      7 - -
          1.38629  1.38629  1.38629  1.38629
          0.01653  4.80402  4.80402  1.46634  0.26236  1.09861  0.40547
      8   1.89095  1.11093  2.75118  0.78534      8 - -
          1.38629  1.38629  1.38629  1.38629
          0.01653  4.80402  4.80402  1.46634  0.26236  1.09861  0.40547
      9   1.41939  1.14377  2.62284  1.00259      9 - -
          1.38629  1.38629  1.38629  1.38629
          0.01653  4.80402  4.80402  1.46634  0.26236  1.09861  0.40547
     10   3.27901  3.02078  1.60522  0.33866     10 - -
          1.38629  1.38629  1.38629  1.38629
          0.01653  4.80402  4.80402  1.46634  0.26236  1.09861  0.40547
     11   1.41490  1.42061  1.83155  1.03474     11 - -
          1.38629  1.38629  1.38629  1.38629
          0.01653  4.80402  4.80402  1.46634  0.26236  1.09861  0.40547
     12   1.81205  1.52566  0.60350  2.62681     12 - -
          1.38629  1.38629  1.38629  1.38629
          0.01653  4.80402  4.80402  1.46634  0.26236  1.09861  0.40547
     13   0.74983  0.91883  2.79392  2.69730     13 - -
          1.38629  1.38629  1.38629  1.38629
          0.01653  4.80402  4.80402  1.46634  0.26236  1.09861  0.40547
     14   1.39458  1.44134  1.83148  1.03487     14 - -
          1.38629  1.38629  1.38629  1.38629
          0.01653  4.80402  4.80402  1.46634  0.26236  1.09861  0.40547
     15   1.47985  2.83211  0.56644  1.92483     15 - -
          1.38629  1.38629  1.38629  1.38629
          0.01653  4.80402  4.80402  1.46634  0.26236  1.09861  0.40547
     16   1.41387  1.42003  1.74838  1.07576     16 - -
          1.38629  1.38629  1.38629  1.38629
          0.01653  4.80402  4.80402  1.46634  0.26236  1.09861  0.40547
     17   0.53689  2.98628  2.89751  1.17182     17 - -
          1.38629  1.38629  1.38629  1.38629
          0.01653  4.80402  4.80402  1.46634  0.26236  1.09861  0.40547
     18   0.16357  4.15456  2.13082  4.10671     18 - -
          1.38629  1.38629  1.38629  1.38629
          0.01653  4.80402  4.80402  1.46634  0.26236  1.09861  0.40547
     19   3.29964  3.03054  1.63447  0.32884     19 - -
          1.38629  1.38629  1.38629  1.38629
          0.01653  4.80402  4.80402  1.46634  0.26236  1.09861  0.40547
     20   1.09817  1.42009  1.43991  1.67198     20 - -
          1.38629  1.38629  1.38629  1.38629
          0.01653  4.80402  4.80402  1.46634  0.26236  1.09861  0.40547
     21   2.63653  1.47190  1.47055  0.75694     21 - -
          1.38629  1.38629  1.38629  1.38629
          0.11968  4.80402  2.25765  1.46634  0.26236  1.09861  0.40547
     22   1.30400  2.48815  1.34276  0.95615     22 - -
          1.38629  1.38629  1.38629  1.38629
          0.27599  4.70265  1.46055  1.46634  0.26236  2.69197  0.07015
     23   0.30484  3.05596  2.79745  1.86616     23 - -
          1.38629  1.38629  1.38629  1.38629
          0.02363  4.45029  4.45029  1.46634  0.26236  0.05217  2.97930
     24   4.20517  3.36672  4.21458  0.06635     26 - -
          1.38629  1.38629  1.38629  1.38629
          0.01653  4.80402  4.80402  1.46634  0.26236  1.09861  0.40547
     25   0.60508  2.76861  1.91821  1.40916     27 - -
          1.38629  1.38629  1.38629  1.38629
          0.01653  4.80402  4.80402  1.46634  0.26236  1.09861  0.40547
     26   0.83721  1.84225  1.42205  1.78734     28 - -
          1.38629  1.38629  1.38629  1.38629
          0.01653  4.80402  4.80402  1.46634  0.26236  1.09861  0.40547
     27   0.37851  3.11720  2.04622  1.95466     29 - -
          1.38629  1.38629  1.38629  1.38629
          0.01653  4.80402  4.80402  1.46634  0.26236  1.09861  0.40547
     28   0.59695  2.80835  1.48685  1.81324     30 - -
          1.38629  1.38629  1.38629  1.38629
          0.01653  4.80402  4.80402  1.46634  0.26236  1.09861  0.40547
     29   0.79370  2.65178  1.90284  1.11426     31 - -
          1.38629  1.38629  1.38629  1.38629
          0.00830  4.79579        *  1.46634  0.26236  0.00000        *
//
HMMER3/b [3.0 | March 2010]
NAME  T7
LENG  30
ALPH  DNA
RF    no
CS    no
MAP   yes
DATE  Mon Jun  4 13:08:19 2012
NSEQ  3
EFFN  3.000000
CKSUM 3523912492
STATS LOCAL MSV       -8.3619  0.79005
STATS LOCAL VITERBI   -8.9931  0.79005
STATS LOCAL FORWARD   -1.9685  0.79005
HMM          A        C        G        T   
            m->m     m->i     m->d     i->m     i->i     d->m     d->d
  COMPO   1.02519  1.71541  1.64766  1.31348
          1.38629  1.38629  1.38629  1.38629
          0.03922  3.95124  3.95124  1.46634  0.26236  0.00000        *
      1   2.38306  1.20080  2.45438  0.65227      1 - -
          1.38629  1.38629  1.38629  1.38629
          0.03922  3.95124  3.95124  1.46634  0.26236  1.09861  0.40547
      2   2.97980  2.52563  3.03204  0.19727      2 - -
          1.38629  1.38629  1.38629  1.38629
          0.03922  3.95124  3.95124  1.46634  0.26236  1.09861  0.40547
      3   2.06244  2.15453  0.82033  1.15008      3 - -
          1.38629  1.38629  1.38629  1.38629
          0.03922  3.95124  3.95124  1.46634  0.26236  1.09861  0.40547
      4   0.15719  3.27118  2.73043  3.16274      4 - -
          1.38629  1.38629  1.38629  1.38629
          0.03922  3.95124  3.95124  1.46634  0.26236  1.09861  0.40547
      5   1.17106  0.85007  2.12722  1.94205      5 - -
          1.38629  1.38629  1.38629  1.38629
          0.03922  3.95124  3.95124  1.46634  0.26236  1.09861  0.40547
      6   0.15719  3.27118  2.73043  3.16274      6 - -
          1.38629  1.38629  1.38629  1.38629
          0.03922  3.95124  3.95124  1.46634  0.26236  1.09861  0.40547
      7   0.65262  2.49981  1.19629  2.35488      7 - -
          1.38629  1.38629  1.38629  1.38629
          0.03922  3.95124  3.95124  1.46634  0.26236  1.09861  0.40547
      8   2.37604  0.74812  2.44935  1.05706      8 - -
          1.38629  1.38629  1.38629  1.38629
          0.03922  3.95124  3.95124  1.46634  0.26236  1.09861  0.40547
      9   0.77248  1.26864  2.11359  1.99423      9 - -
          1.38629  1.38629  1.38629  1.38629
          0.03922  3.95124  3.95124  1.46634  0.26236  1.09861  0.40547
     10   2.97980  2.52563  3.03204  0.19727     10 - -
          1.38629  1.38629  1.38629  1.38629
          0.03922  3.95124  3.95124  1.46634  0.26236  1.09861  0.40547
     11   1.15277  2.51253  0.67465  2.36616     11 - -
          1.38629  1.38629  1.38629  1.38629
          0.03922  3.95124  3.95124  1.46634  0.26236  1.09861  0.40547
     12   0.15719  3.27118  2.73043  3.16274     12 - -
          1.38629  1.38629  1.38629  1.38629
          0.03922  3.95124  3.95124  1.46634  0.26236  1.09861  0.40547
     13   0.77248  1.26864  2.11359  1.99423     13 - -
          1.38629  1.38629  1.38629  1.38629
          0.03922  3.95124  3.95124  1.46634  0.26236  1.09861  0.40547
     14   2.05124  1.27764  0.78219  2.00008     14 - -
          1.38629  1.38629  1.38629  1.38629
          0.03922  3.95124  3.95124  1.46634  0.26236  1.09861  0.40547
     15   2.97980  2.52563  3.03204  0.19727     15 - -
          1.38629  1.38629  1.38629  1.38629
          0.03922  3.95124  3.95124  1.46634  0.26236  1.09861  0.40547
     16   0.15719  3.27118  2.73043  3.16274     16 - -
          1.38629  1.38629  1.38629  1.38629
          0.03922  3.95124  3.95124  1.46634  0.26236  1.09861  0.40547
     17   0.80730  2.14492  2.12226  1.14853     17 - -
          1.38629  1.38629  1.38629  1.38629
          0.03922  3.95124  3.95124  1.46634  0.26236  1.09861  0.40547
     18   0.60470  1.51949  2.17881  2.10566     18 - -
          1.38629  1.38629  1.38629  1.38629
          0.03922  3.95124  3.95124  1.46634  0.26236  1.09861  0.40547
     19   1.27395  1.39672  1.15159  1.85322     19 - -
          1.38629  1.38629  1.38629  1.38629
          0.03922  3.95124  3.95124  1.46634  0.26236  1.09861  0.40547
     20   1.27958  2.00581  1.16354  1.29129     20 - -
          1.38629  1.38629  1.38629  1.38629
          0.03922  3.95124  3.95124  1.46634  0.26236  1.09861  0.40547
     21   1.09996  1.39689  1.33401  1.85578     21 - -
          1.38629  1.38629  1.38629  1.38629
          0.03922  3.95124  3.95124  1.46634  0.26236  1.09861  0.40547
     22   1.94189  1.34847  1.38837  1.05714     22 - -
          1.38629  1.38629  1.38629  1.38629
          0.03922  3.95124  3.95124  1.46634  0.26236  1.09861  0.40547
     23   0.48468  2.60978  1.48751  2.46961     23 - -
          1.38629  1.38629  1.38629  1.38629
          0.23880  3.95124  1.64406  1.46634  0.26236  1.09861  0.40547
     24   1.90860  0.96715  1.18106  1.80428     24 - -
          1.38629  1.38629  1.38629  1.38629
          0.04768  3.76013  3.76013  1.46634  0.26236  0.18156  1.79559
     25   2.97980  2.52563  3.03204  0.19727     26 - -
          1.38629  1.38629  1.38629  1.38629
          0.03922  3.95124  3.95124  1.46634  0.26236  1.09861  0.40547
     26   0.80730  2.14492  2.12226  1.14853     27 - -
          1.38629  1.38629  1.38629  1.38629
          0.03922  3.95124  3.95124  1.46634  0.26236  1.09861  0.40547
     27   0.60767  1.51442  2.17720  2.10302     28 - -
          1.38629  1.38629  1.38629  1.38629
          0.03922  3.95124  3.95124  1.46634  0.26236  1.09861  0.40547
     28   2.05124  1.27764  0.78219  2.00008     29 - -
          1.38629  1.38629  1.38629  1.38629
          0.03922  3.95124  3.95124  1.46634  0.26236  1.09861  0.40547
     29   0.15719  3.27118  2.73043  3.16274     30 - -
          1.38629  1.38629  1.38629  1.38629
          0.03922  3.95124  3.95124  1.46634  0.26236  1.09861  0.40547
     30   2.07893  2.09973  1.22970  0.77638     31 - -
          1.38629  1.38629  1.38629  1.38629
          0.01980  3.93183        *  1.46634  0.26236  0.00000        *
//
